252590
57406
387350
60295
209769
270848
416322
159918
70860
105456
315818
80662
323140
781996
809828
157098
165356
175635
156254
222810
55942
94556
286718
149298
138662
69082
66064
131608
128934
717924
369900
178256
254892
253284
274104
74928
162950
163738
177408
85220
370580
92400
85883
141826
229734
361612
366612
208038
82533
116328
480036
76344
147676
608046
74496
83800
225382
128698
91154
150947
205842
285112
161958
269418
345496
227826
99528
516076
454088
206988
119992
137435
177238
236930
328294
409896
440898
180715
214384
298446
149456
123854
223516
123012
187732
125850
93150
344904
363532
62810
251634
142966
173954
161522
115210
233740
93754
176544
134776
382120
