513774
84335
416460
65549
135845
592800
608088
217260
474032
506924
633864
128440
414048
540144
529188
118014
517560
335724
149112
376728
103704
323648
362988
154227
158202
252552
158814
217872
221104
743280
222528
514080
123576
478716
319308
193128
221208
306408
558272
97908
554496
204624
146248
196620
469872
362112
443784
105564
254419
104412
256500
250224
125860
809172
41600
88842
410520
454936
100688
361075
206960
556816
108072
462492
550848
520208
133416
817608
744876
257136
122928
335623
253216
508892
596676
419892
583746
149278
297264
463320
239760
181104
278208
132192
337068
145908
249744
390936
807804
49776
579462
142236
309836
92332
107016
417180
245752
201036
191052
201246
