297266
53871
294818
58982
153310
297980
269370
156756
92908
105456
266450
76710
332032
321052
619748
118644
162620
166848
144854
194166
54550
87380
287042
108292
126932
69082
66064
123448
143494
950940
357360
175232
254892
250824
256416
67024
160870
208618
193528
83252
354620
95416
66289
138810
216006
329960
348244
169506
81220
132564
453816
77592
139208
665730
62328
75436
168490
152642
96142
154886
152386
268784
148278
269650
311068
250622
87288
491908
453656
213852
106368
200459
137058
235782
313702
351552
402648
283836
203164
244158
123428
98642
250516
137808
151660
125850
91302
344904
360796
63932
242046
112510
178362
169722
112090
262912
93650
180372
131876
98050
